theta0=8433.895463712892
theta1=-0.020824189272997142
