theta0=1.0173577157675382
theta1=-0.602871583295454
